1935
1956
1956
1960
1966
1969
1970
1970
1970
1972
1976
1978
1978
1979
1980
1986
1992
1992
1992
1993
1999
2003
2003
2003
2005
2006
2007
2007
2007
2008
2008
2009
2009
2009
2011
2011
2011
2012
2012
2012
2012
2013
2013
2013
2014
2014
2016
2016
2017
2020
2020
2020
2025
2050
1935
1956
1956
1960
1966
1969
1970
1970
1970
1972
1976
1978
1978
1979
1980
1986
1992
1992
1992
1993
1999
2003
2003
2003
2005
2006
2007
2007
2007
2008
2008
2009
2009
2009
2011
2011
2011
2012
2012
2012
2012
2013
2013
2013
2014
2014
2016
2016
2017
2020
2020
2020
2025
2050

«Бэйдоу»
«Шугуан»
«Шэньчжоу»
«Шэньчжоу»
«Шэньчжоу»
«Шэньчжоу-5»
«Шэньчжоу-6»
«Шэньчжоу-7»
«Шэньчжоу-9»
«Тяньгун-1»
«Шэньчжоу-8»
«Шэньчжоу-9»
«Тяньгун-2»
«Тяньгун-3»
«Тяньгун-3»
«Мир»
«Шэньлун»
«Чанъэ-1»
«Чанъэ-2»
«Чанъэ-3»
«Чанъэ-2»
«Инхо-1»
«Дунфанхун»
«Чанчжэн»
«Шугуан»
«Шэньчжоу»
«Шэньлун»
«Тяньгун»
«Чанъэ»
«Шэньчжоу-4»

